7127
7328
7434
7502
7548
7588
7625
7648
7660
7676
7688
7697
7708
7715
7723
7724
7725
7730
7735
7743
7749
7752
7757
7760
7761
7763
7768
7769
7769
7770
7773
7773
7773
7774
7775
7778
7779
7781
7783
7785
7786
7787
7787
7788
7789
7789
7789
7789
7791
7795
7796
7798
7801
7804
7805
7806
7819
7821
7821
7823
7825
7826
7827
7830
7831
7835
7835
7835
7836
7840
7841
7842
7843
7843
7843
7844
7845
7847
7847
7847
7852
7852
7855
7855
7855
7855
7856
7856
7862
7864
7865
7865
7865
7866
7867
7868
7869
7869
7875
7875
7875
7875