3000000
6000000
9000000
12000000
15000000
18000000
21000000
24000000
27000000
30000000
33000000
36000000
39000000
42000000
45000000
48000000
51000000
54000000
57000000
60000000
63000000
66000000
69000000
72000000
75000000
78000000
81000000
84000000
87000000
90000000
93000000
96000000
99000000
100001224
103000000
106000000
109000000
112000000
115000000
118000000
121000000
124000000
127000000
130000000
133000000
136000000
139000000
142000000
145000000
148000000
151000000
154000000
157000000
160000000
163000000
166000000
169000000
172000000
175000000
178000000
181000000
184000000
187000000
190000000
193000000
196000000
199000000
200000041
203000000
206000000
209000000
212000000
215000000
218000000
221000000
224000000
227000000
230000000
233000000
236000000
239000000
242000000
245000000
248000000
251000000
254000000
257000000
260000000
263000000
266000000
269000000
272000000
275000000
278000000
281000000
284000000
287000000
290000000
293000000
296000000
299000000
299999469